[TPRdata]																
52																
0																
0.1																
0.2																
0.3																
0.4																
0.5																
0.6																
0.7																
0.8																
0.9																
1																
1.1																
1.2																
1.3																
1.4																
1.5																
1.6																
1.7																
1.8																
1.9																
2																
3																
4																
5																
6																
7																
8																
9																
10																
11																
12																
13																
14																
15																
16																
17																
18																
19																
20																
21																
22																
23																
24																
25																
26																
27																
28																
29																
30																
35																
40																
45																
17																
0.769																
1																
1.11																
1.43																
1.67																
1.82																
1.95																
2.1																
2.5																
3.33																
4																
4.44																
4.71																
5																
6.67																
8																
8.89																
1.054336703	1.054336703	1.054336703	1.054336703	1.054336703	1.054336703	1.054336703	1.054336703	1.054336703	1.030635254	1.0190577	1.018890231	1.021950114	1.005566654	0.98580281	0.978164162	0.966446444
1.066511903	1.065668069	1.064990251	1.064515254	1.063581883	1.062786394	1.06241688	1.062086626	1.061207159	1.037538391	1.026583765	1.025759197	1.030494782	1.010440666	0.990864233	0.985670448	0.98738008
1.084808208	1.083100084	1.081728015	1.080766507	1.078877137	1.077266874	1.076518889	1.075850375	1.074070121	1.053577605	1.042023981	1.043069957	1.047837547	1.027640912	1.006690927	1.001886296	1.003855137
1.121770331	1.119133894	1.117016147	1.115532088	1.112615903	1.110130512	1.108976018	1.107944188	1.10519642	1.085544217	1.076827243	1.07909949	1.087350906	1.059446753	1.041879878	1.037769006	1.048278277
1.233913506	1.230065788	1.226975066	1.224809172	1.22055318	1.216925903	1.21524099	1.213735097	1.209724897	1.176748727	1.181714106	1.184359024	1.19660213	1.145469314	1.138797224	1.130863584	1.146135846
1.33893351	1.333739959	1.329568183	1.326644715	1.320900086	1.316004082	1.31372983	1.311697214	1.306284351	1.277661071	1.272351743	1.270180383	1.284144642	1.245088109	1.223819787	1.212709814	1.218997221
1.417388279	1.410822857	1.405549111	1.401853413	1.394591346	1.388402068	1.385527076	1.382957547	1.376114881	1.350180362	1.341167886	1.333665491	1.343825631	1.315939426	1.286606421	1.254461174	1.268932527
1.47674537	1.468803485	1.462424081	1.457953567	1.449168984	1.441682102	1.438204358	1.435096119	1.426818865	1.402231509	1.38888953	1.382490489	1.385041202	1.36552265	1.326820597	1.312728627	1.304424986
1.518638993	1.509349929	1.501888388	1.496659542	1.486384834	1.477627955	1.473560282	1.469924793	1.460243471	1.43862223	1.421755682	1.41572321	1.413114554	1.401202985	1.361860867	1.341451385	1.329430087
1.550412899	1.539795093	1.531266225	1.525289425	1.513544982	1.503535486	1.498885957	1.494730434	1.483664259	1.458786651	1.445387058	1.435701616	1.434074543	1.4283835	1.383361427	1.360718351	1.345929964
1.574385952	1.562463005	1.552885769	1.546174301	1.532986232	1.521746369	1.516525321	1.511859001	1.499432572	1.476386553	1.461234999	1.451433624	1.447100746	1.440262319	1.395979353	1.374050508	1.358166719
1.589972407	1.576790083	1.566201238	1.558780862	1.544199786	1.531772697	1.526000169	1.520840962	1.507101975	1.484660913	1.470627822	1.458939081	1.454874445	1.446288861	1.40094501	1.384253818	1.365457484
1.602140682	1.587718244	1.576133264	1.568014824	1.552062047	1.538465893	1.53215032	1.526505766	1.511474298	1.491561199	1.477386986	1.466482627	1.459783968	1.454702641	1.409552262	1.38640912	1.369902652
1.611281529	1.595641834	1.583079079	1.57427544	1.556976245	1.542232572	1.535383963	1.529263007	1.51296288	1.495631964	1.477825356	1.468603133	1.461335784	1.455576323	1.414626538	1.391329	1.371904436
1.619768556	1.602916193	1.58937935	1.579893096	1.56125256	1.545365695	1.53798606	1.531390499	1.513826495	1.49364289	1.479128231	1.468970648	1.462894496	1.464807681	1.415206592	1.390972556	1.370439721
1.625140292	1.607108549	1.592624357	1.582474227	1.562529169	1.545530493	1.537634409	1.53057727	1.511784084	1.494097195	1.477719262	1.465843208	1.459406029	1.460149491	1.414888176	1.389312051	1.370274814
1.615976657	1.598391289	1.584180492	1.574281548	1.554804842	1.538146451	1.530285002	1.52439431	1.508707374	1.490787362	1.475580359	1.46351533	1.456308423	1.453154984	1.413722771	1.388184197	1.368229801
1.606864692	1.589721312	1.575781395	1.566131285	1.547118701	1.530797687	1.522970723	1.5179607	1.50461899	1.484223761	1.472490196	1.461828834	1.454787219	1.453784694	1.410272357	1.386818269	1.365864204
1.597804107	1.581098363	1.567426829	1.558023216	1.539470555	1.523484033	1.515691404	1.510800424	1.497775724	1.478741204	1.469342327	1.457749885	1.450290579	1.451181463	1.405331023	1.383212691	1.36294756
1.588794612	1.572522187	1.559116557	1.549957123	1.531860218	1.516205322	1.508446878	1.503756579	1.491266296	1.474396907	1.463730954	1.452146894	1.445205989	1.44432975	1.398956891	1.379538089	1.359136809
1.579835918	1.563992529	1.550850346	1.54193279	1.524287503	1.508961386	1.501236979	1.496940158	1.485497711	1.469832762	1.457678274	1.447563916	1.439283661	1.442016954	1.397145227	1.375339559	1.354592528
1.492980841	1.481199646	1.470560739	1.463939204	1.450589067	1.438398506	1.431006421	1.428320864	1.421169215	1.407773466	1.400700454	1.392449773	1.385351549	1.383410807	1.353524451	1.333408544	1.314250237
1.410900819	1.40278956	1.394427834	1.389890666	1.380453909	1.371135326	1.364061376	1.361465033	1.354550963	1.349078579	1.342441114	1.334992168	1.328817298	1.326016022	1.304498354	1.287142649	1.271055086
1.333333333	1.328530259	1.322236431	1.319587629	1.313709747	1.307017544	1.300248139	1.297521323	1.290259803	1.285644059	1.281050562	1.276346634	1.272158658	1.265260015	1.253173555	1.239222973	1.224798549
1.260205696	1.256550362	1.251760503	1.249744657	1.245271351	1.240178313	1.235026522	1.232951305	1.227424993	1.225561214	1.221263724	1.217361484	1.214696823	1.199441076	1.200427715	1.188881663	1.177335103
1.18955072	1.186945987	1.183532809	1.182096349	1.178908741	1.175279522	1.171608437	1.170129669	1.166191707	1.165398352	1.163263389	1.160951379	1.158893108	1.129341604	1.146906401	1.140463171	1.131321163
1.1235558	1.121904842	1.119741469	1.118830998	1.116810598	1.114510292	1.11218345	1.111246163	1.108750166	1.107247735	1.10575628	1.104570803	1.104188735	1.087610479	1.097996322	1.091743795	1.083220677
1.060542889	1.059758538	1.058730744	1.05829819	1.057338321	1.056245472	1.055140016	1.054694722	1.053508902	1.053460888	1.05291253	1.052013969	1.052054013	1.047421392	1.046078669	1.045552225	1.042997099
1	1	1	1	1	1	1	1	1	1	1	1	1	1	1	1	1
0.936120268	0.937721092	0.93770382	0.938850958	0.938439579	0.939811633	0.939764859	0.940216933	0.941420807	0.951850728	0.952913134	0.951598279	0.952080328	0.954460049	0.952551206	0.953337507	0.953174292
0.894151873	0.897227399	0.897194216	0.899398113	0.898607765	0.901243776	0.901153913	0.902022443	0.904335343	0.90477241	0.905762211	0.906243882	0.906341459	0.907487451	0.906651248	0.908175872	0.910282772
0.845595828	0.849983583	0.849936242	0.853080472	0.851952907	0.855713619	0.855585415	0.856824519	0.86012426	0.859608701	0.85958202	0.85996274	0.859852406	0.860200053	0.861839981	0.866237499	0.868580464
0.798931795	0.804491123	0.804431141	0.808414912	0.806986277	0.811751136	0.811588699	0.813158658	0.817339462	0.816875158	0.817870415	0.818024175	0.818110156	0.819071717	0.819976937	0.824634617	0.827809053
0.754208754	0.760806916	0.760735727	0.765463918	0.763768323	0.769423559	0.769230769	0.771094095	0.776056138	0.776007051	0.77712457	0.778164944	0.778833806	0.779631447	0.782100047	0.786632905	0.786213556
0.715541767	0.721299592	0.721960966	0.726814833	0.725664877	0.730445911	0.730982442	0.73307851	0.738660345	0.73826055	0.739577491	0.741298928	0.74239348	0.742932583	0.742356672	0.747967429	0.749091453
0.679321028	0.684307639	0.685632061	0.690591952	0.689938533	0.693919245	0.695116086	0.697419736	0.703554364	0.701714758	0.702001623	0.704009051	0.705274675	0.706299068	0.708703853	0.713641025	0.714157379
0.643728009	0.647995758	0.649915135	0.65495063	0.654749523	0.657989152	0.659778993	0.662261137	0.668871094	0.667951799	0.669097714	0.669455047	0.669690401	0.671336885	0.673029566	0.678968432	0.681067016
0.610929715	0.614542897	0.616999116	0.622098522	0.622307039	0.624872911	0.627197942	0.62983943	0.636873724	0.63488264	0.63645037	0.6372618	0.637759189	0.639186506	0.641298362	0.647218141	0.649178521
0.579124579	0.582132565	0.585066467	0.590206186	0.590784924	0.59273183	0.595533499	0.598310186	0.605704515	0.603650104	0.607812745	0.6080617	0.607714405	0.608319739	0.608904322	0.614529293	0.617803175
0.550209744	0.553067545	0.555854961	0.560738062	0.561287905	0.563137604	0.56579939	0.568437442	0.575462583	0.573553623	0.576095198	0.576362908	0.576088011	0.576685738	0.581956196	0.586203278	0.587112987
0.522738583	0.525453699	0.528101944	0.532741238	0.533263628	0.535020975	0.537549862	0.540056199	0.546730585	0.544957677	0.54603277	0.546316601	0.546107504	0.546696777	0.556200707	0.559182918	0.557947374
0.496639017	0.499218571	0.501734593	0.506142254	0.506638563	0.508308167	0.51071079	0.51309199	0.519433134	0.517787453	0.517539093	0.517836635	0.517687229	0.518267309	0.531585073	0.53340803	0.530230601
0.471842564	0.474293325	0.476683725	0.480871319	0.481342847	0.482929091	0.485211754	0.487474064	0.493498604	0.491971869	0.490532303	0.490841355	0.490745988	0.491316238	0.508058846	0.508821206	0.503890696
0.448284161	0.450612559	0.45288361	0.456862123	0.457310109	0.458817154	0.460985848	0.463135204	0.468858947	0.467443385	0.464934812	0.465253363	0.465206811	0.465766684	0.485573813	0.485367683	0.47885926
0.425901995	0.428114139	0.4302718	0.434051672	0.43447729	0.435909091	0.437969505	0.440011547	0.445449512	0.444137829	0.440673077	0.440999295	0.440996732	0.441545764	0.464083895	0.462995222	0.455071294
0.404637337	0.406739032	0.408788964	0.412380112	0.41278448	0.414144793	0.416102334	0.41804242	0.423208875	0.42199423	0.417677394	0.418009613	0.418046583	0.418584387	0.443545051	0.441653995	0.432465026
0.384434392	0.386431152	0.388378735	0.391790582	0.39217476	0.393467155	0.395326958	0.397170179	0.402078681	0.400954656	0.395881696	0.396218403	0.396290795	0.396817053	0.42391519	0.421296466	0.410981755
0.36524015	0.367137215	0.368987558	0.372229057	0.372594053	0.37382192	0.375588867	0.377340058	0.382003486	0.380964062	0.375223366	0.375563189	0.375667212	0.37618167	0.405154082	0.401877294	0.390565693
0.347004248	0.348806596	0.350564553	0.353644209	0.353990982	0.355157544	0.356836269	0.358500026	0.362930616	0.361970149	0.355643051	0.355984749	0.356116912	0.356619373	0.387223279	0.383353226	0.371163827
0.268606297	0.270001444	0.271362229	0.273746105	0.274014532	0.274917535	0.276216989	0.277504857	0.280934453	0.280295738	0.272042395	0.272378776	0.272608337	0.273049537	0.308793151	0.302780143	0.287689093
0.207920632	0.209000576	0.210053922	0.211899214	0.212106996	0.212805985	0.213811856	0.214808759	0.217463513	0.217050221	0.208093662	0.20840836	0.208682325	0.209063374	0.246248652	0.239141889	0.222987825
0.160945554	0.161781508	0.162596874	0.164025263	0.164186101	0.164727169	0.165505786	0.16627746	0.168332432	0.168075329	0.159177293	0.159461927	0.159746812	0.160071667	0.196372226	0.188879108	0.17283787
[SPdata]																
11																
0.625	1.25	2.5	5	7.5	10	15	20	25	30	40						
0.613	0.700	0.724	0.736	0.742	0.744	0.745	0.746	0.747	0.748	0.749						
[OARXOPENdata]																
4																
1.5	5	10	20													
51																
1	1	1	1													
1.00053804	0.995641188	0.999950996	0.997098637													
0.995862776	0.994170021	0.996046415	0.994063389													
0.987033348	0.987689653	0.988470938	0.988061802													
0.979748321	0.980426487	0.984322839	0.984061024													
0.974995619	0.970629041	0.976174501	0.971083985													
0.963621061	0.963112496	0.968767407	0.963982409													
0.949877114	0.949118189	0.95267764	0.946004426													
0.937732596	0.935294229	0.938715454	0.937634348													
0.925755004	0.924143455	0.928860081	0.92728078													
0.914429637	0.909216959	0.911579678	0.912889737													
0.896002647	0.895825385	0.895698624	0.894104093													
0.885502748	0.879450731	0.88545094	0.881677709													
0.865985217	0.866551566	0.869127569	0.863240816													
0.854352026	0.848447802	0.852774878	0.849853891													
0.839838111	0.835573029	0.839955365	0.834785126													
0.823940361	0.819175408	0.822538072	0.818642334													
0.810133149	0.806208718	0.809748733	0.803750464													
0.796646692	0.793275371	0.796847986	0.786465277													
0.782217406	0.774910207	0.7799539	0.771451495													
0.770716786	0.764969076	0.765762811	0.757978449													
0.754624486	0.754346253	0.751027486	0.74269692													
0.740519818	0.737000994	0.734541958	0.728491735													
0.728068474	0.723791763	0.723233017	0.717811534													
0.717497315	0.710567803	0.710542993	0.702127635													
0.703334875	0.698891249	0.697840115	0.687750629													
0.69021727	0.687881209	0.685393506	0.675750939													
0.678802981	0.676905989	0.674454694	0.660366368													
0.665942687	0.660970058	0.659806248	0.651167784													
0.655070218	0.651371251	0.651796233	0.638023014													
0.643699589	0.640359712	0.637190121	0.625354042													
0.634128675	0.627634581	0.625105929	0.613160221													
0.621838978	0.617469478	0.61514674	0.601395042													
0.611207938	0.606184525	0.604464982	0.591926908													
0.600842112	0.596624825	0.594715606	0.580003005													
0.591478488	0.585240916	0.582217997	0.566620104													
0.579049663	0.57651418	0.57390194	0.558602751													
0.570591607	0.563099456	0.561475285	0.545932129													
0.561230715	0.55414703	0.550520479	0.534307219													
0.550160481	0.542413286	0.539084579	0.523404782													
0.540650768	0.533619674	0.527783769	0.512489413													
0.530078837	0.522620807	0.51651697	0.500204017													
0.520019886	0.511889164	0.506343969	0.488145587													
0.509575673	0.499939606	0.493320384	0.476057712													
0.498085416	0.486260476	0.479759257	0.462894033													
0.482293732	0.471297265	0.465703189	0.446533648													
0.420416588	0.40485228	0.396450998	0.389510735													
0.10609289	0.114238073	0.123498726	0.141519573													
0.011762767	0.016889357	0.020790324	0.029761707													
0.005898474	0.009179887	0.012512375	0													
0.004387392	0.006886653	0.009636667	0													
[OARXLEAVESdata]																
3																
1																
2																
4																
4																
1.5																
5																
10																
20																
43																
0																
1																
2																
3																
4																
5																
6																
7																
8																
9																
10																
11																
12																
13																
14																
15																
16																
17																
18																
19																
20																
21																
22																
23																
24																
25																
26																
27																
28																
29																
30																
35																
40																
45																
50																
55																
60																
65																
70																
75																
80																
85																
90																
1	1	1	1													
0.984349402	0.950461718	0.981841883	0.975399387													
0.83891347	0.840146501	0.872847239	0.846429642													
0.671411495	0.645720628	0.690482821	0.662619486													
0.479618172	0.48498003	0.487806413	0.467575215													
0.312862699	0.304931235	0.308646997	0.294782507													
0.174753152	0.172383241	0.175220603	0.162315309													
0.090969499	0.094871223	0.097325124	0.09375926													
0.051271093	0.056907715	0.060014525	0.058237867													
0.031444782	0.03643981	0.039642264	0.037320401													
0.020325584	0.025198674	0.02778165	0.027846159													
0.013919448	0.018456432	0.021163422	0.021672947													
0.010180931	0.014189287	0.016946936	0.01762056													
0.007591113	0.011027172	0.013676332	0.014953914													
0.005874243	0.009229929	0.011815643	0.012613727													
0.004919391	0.008030141	0.010191131	0.011037396													
0.004647245	0.007478175	0.009862097	0.011140727													
0.004556614	0.007149488	0.009543286	0.010950761													
0.004417409	0.007017716	0.009244207	0.010663199													
0.004051779	0.006376411	0.008630171	0.010151137													
0.003612644	0.006041416	0.007826486	0.009342526													
0.003630655	0.005236424	0.007215144	0.00826954													
0.003004434	0.00479275	0.006710839	0.00797393													
0.003151677	0.004949446	0.006718092	0.007954175													
0.003288598	0.005070124	0.006959087	0.00815061													
0.003186391	0.005042592	0.006986918	0.008430202													
0.003305775	0.004802746	0.006730259	0.00818141													
0.002983233	0.004391854	0.006119269	0.007391085													
0.00257428	0.003923316	0.005334173	0.006499712													
0.002255926	0.003582333	0.004961713	0.006031463													
0.00227343	0.003670132	0.004689962	0.005915069													
0.002305971	0.003309249	0.004292735	0.005236534													
0.002338513	0.002948366	0.003895508	0.004557998													
0.002371054	0.002587482	0.003498281	0.003879463													
0.002403596	0.002226599	0.003101053	0.003200927													
0.002436137	0.001865716	0.002703826	0.002522392													
0.002468679	0.001504832	0.002306599	0.001843856													
0.00250122	0.001143949	0.001909372	0.001165321													
0.002533762	0.000783066	0.001512145	0.000486785													
0.002566303	0.000422183	0.001114918	0													
0.002598845	0	0.000717691	0													
0.002631386	0	0.000320463	0													
0.002663928	0	0	0													
1	1	1	1													
1.009725373	1.003383209	0.993455623	0.973252801													
0.991051479	0.991819397	0.988514486	0.965521134													
0.964129992	0.961429297	0.953421526	0.934311444													
0.901848662	0.906203602	0.899430476	0.898922573													
0.80424705	0.810637124	0.807332357	0.808404772													
0.663076247	0.665882702	0.667331797	0.663085352													
0.512460227	0.50160472	0.507904826	0.497959587													
0.349259255	0.347207616	0.351264561	0.334151797													
0.21421488	0.213248165	0.213935792	0.206480187													
0.11694954	0.122325565	0.121398146	0.117517115													
0.063535926	0.070378079	0.072237463	0.072007562													
0.037851857	0.044753735	0.04751406	0.048650605													
0.024111888	0.030794221	0.033778128	0.035480057													
0.016785222	0.022908788	0.026183331	0.028218653													
0.012377987	0.018279294	0.021221965	0.023805586													
0.00946491	0.014838023	0.017919361	0.020176762													
0.007508927	0.012260705	0.01536441	0.017709072													
0.006123211	0.010457574	0.013620032	0.015657149													
0.005357593	0.0093026	0.012303112	0.014591684													
0.004884411	0.008744125	0.011689122	0.014101691													
0.00470248	0.008162975	0.011163474	0.013633307													
0.004355211	0.007734304	0.01046479	0.013158521													
0.003994414	0.006995878	0.009850315	0.012494421													
0.003549717	0.006429634	0.008948097	0.011433501													
0.003209063	0.005837283	0.008317311	0.010727753													
0.003171258	0.005524836	0.007991676	0.01027325													
0.003214501	0.005452532	0.007846216	0.009818747													
0.003327882	0.005501248	0.00784466	0.009364244													
0.003413115	0.005335388	0.007666364	0.008909741													
0.003150253	0.00509852	0.007423083	0.008455238													
0.002791265	0.004091178	0.006148173	0.008000735													
0.002131594	0.003071795	0.004582596	0.007546232													
0.002375152	0.002052413	0.003017018	0.007091729													
0.002271364	0.00103303	0.001451441	0.006637226													
0.001726033	0	0	0.006182723													
0.001180701	0	0	0.00572822													
0.00063537	0	0	0.005273717													
0	0	0	0.004819214													
0	0	0	0.004364711													
0	0	0	0.003910208													
0	0	0	0.003455705													
0	0	0	0.003001202													
1	1	1	1													
0.994894155	0.998292698	1.016980358	0.993316399													
0.994286504	1.006693342	1.014757755	0.987186762													
0.993609336	1.001189357	1.005005474	0.987666591													
0.994351795	0.995951123	1.005916742	0.989722631													
0.991577379	1.004689901	1.004383692	0.978569641													
0.990986254	0.999528087	1.006509623	0.982720704													
0.988352822	0.99210779	0.996207218	0.976511518													
0.973569726	0.970040382	0.982387625	0.966728274													
0.959173869	0.97643487	0.970348613	0.949916957													
0.937032998	0.941825013	0.952080046	0.934674716													
0.892324076	0.897168258	0.909996092	0.88414289													
0.807047919	0.819297538	0.831310469	0.816361914													
0.686729573	0.700512157	0.707883143	0.711501066													
0.539335287	0.554722115	0.560584579	0.556099507													
0.38321652	0.391495207	0.398473875	0.395573384													
0.247563628	0.253267603	0.257952817	0.246924422													
0.137132009	0.148273361	0.150704585	0.147544168													
0.074981846	0.085709081	0.090715974	0.092433062													
0.044201353	0.054119948	0.059581415	0.062601848													
0.028358613	0.037114117	0.043111892	0.046473574													
0.019556426	0.027950098	0.033407945	0.037635276													
0.014561575	0.022141985	0.027723763	0.031639202													
0.011247677	0.018302398	0.023918022	0.027970564													
0.009204075	0.01570835	0.021146808	0.025012864													
0.007745053	0.0137601	0.018913923	0.02289655													
0.006852506	0.012398057	0.017282088	0.021766424													
0.00647329	0.011697583	0.016564442	0.021045723													
0.006132037	0.010968596	0.015699109	0.020557247													
0.005872343	0.0103549	0.015186944	0.01952486													
0.005439509	0.009640392	0.014139132	0.018503703													
0.004195356	0.007350271	0.011235301	0.015117104													
0.002951203	0.00548162	0.008417892	0.012172214													
0.00170705	0.005038717	0.007708454	0.011184684													
0.000462897	0.004595813	0.006700352	0.009816255													
0	0.004152909	0.005623588	0.008470342													
0	0.003710006	0.005336215	0.00712443													
0	0.003267102	0.005048843	0.005778517													
0	0.002824198	0.00476147	0.004432604													
0	0.002381295	0.004474098	0.003086691													
0	0.001938391	0.004186725	0.001740779													
0	0.001495487	0.003899353	0.000394866													
0	0.001052583	0.00361198	0													
[OARYdata]																
3																
2.5																
10																
40																
5																
1.5																
5																
10																
15																
20																
51																
0																
1																
2																
3																
4																
5																
6																
7																
8																
9																
10																
11																
12																
13																
14																
15																
16																
17																
18																
19																
20																
21																
22																
23																
24																
25																
26																
27																
28																
29																
30																
31																
32																
33																
34																
35																
36																
37																
38																
39																
40																
45																
50																
55																
60																
65																
70																
75																
80																
85																
90																
1	1	1	1	1												
0.959852968	0.991078384	0.992091369	0.990722452	0.989473793												
0.94274122	0.960333279	0.962051252	0.962721166	0.961190404												
0.887056628	0.90013302	0.903858171	0.906435596	0.905329169												
0.787237712	0.80369588	0.808407616	0.813590937	0.814525899												
0.650827798	0.675517472	0.681753933	0.685322588	0.684152129												
0.517038225	0.531334099	0.535374356	0.536467065	0.537886467												
0.373548869	0.390549652	0.393233746	0.393245013	0.392073408												
0.255662624	0.267220432	0.270789043	0.270614444	0.269455413												
0.16529394	0.17809045	0.182152771	0.18337634	0.183237865												
0.106831799	0.119301939	0.124950237	0.127675169	0.12773136												
0.069937399	0.082750937	0.088786234	0.091093519	0.092292443												
0.046174985	0.058303739	0.064414868	0.067365891	0.068650479												
0.030513928	0.042411675	0.048437724	0.051121411	0.052723342												
0.021005092	0.031523238	0.037528585	0.040550169	0.042187325												
0.014723251	0.02438004	0.030486038	0.033416682	0.034550927												
0.010790533	0.019857232	0.025763397	0.02845898	0.030060276												
0.008310026	0.016482026	0.022284475	0.025221992	0.026699647												
0.006617399	0.014029341	0.019841039	0.022719548	0.024292387												
0.005355273	0.012354773	0.018029883	0.020706353	0.022295519												
0.004445406	0.010991538	0.01623463	0.019049689	0.020668581												
0.003942689	0.009986833	0.015172163	0.017929908	0.019364797												
0.00340678	0.009026357	0.013962469	0.016743138	0.018473975												
0.002982477	0.008250982	0.01309076	0.015817742	0.017396936												
0.002783571	0.007533599	0.012194899	0.014849131	0.016238546												
0.002529699	0.00698383	0.011492642	0.01417309	0.015483573												
0.002290618	0.006511964	0.010805551	0.013323997	0.014643119												
0.002122146	0.00606977	0.01028642	0.012702603	0.013862702												
0.00199518	0.005626585	0.009582157	0.011867181	0.013243407												
0.001847143	0.005275447	0.009011902	0.011362991	0.012814691												
0.001699106	0.004853465	0.008618802	0.010806228	0.012211397												
0.001551069	0.004627643	0.008184997	0.010319067	0.011669595												
0.001403031	0.004321711	0.007809123	0.009871106	0.011280239												
0.001254994	0.004019957	0.007365215	0.009528229	0.010650314												
0.001106957	0.003759819	0.006970031	0.009022874	0.010149285												
0.00095892	0.003566769	0.00668618	0.008634668	0.009854119												
0.000810883	0.003451812	0.006327892	0.008157457	0.009321952												
0.000662845	0.003206858	0.00598737	0.007894541	0.009050663												
0.000514808	0.003032206	0.005640063	0.007578193	0.008621842												
0.000366771	0.002784992	0.005438618	0.007259796	0.008256471												
0.000218734	0.002650333	0.005177273	0.006930086	0.007984875												
7.07E-05	0.002014066	0.004199659	0.005657507	0.006522581												
0	0.001612419	0.003340041	0.004677484	0.005461209												
0	0.0012943	0.002790042	0.003872834	0.004520436												
0	0.001037525	0.002324089	0.003226549	0.00378722												
0	0.000872358	0.001893702	0.002776049	0.003330709												
0	0.000668747	0.001506601	0.002383857	0.002744818												
0	0.000539808	0.001372018	0.002034325	0.00237534												
0	0.000485554	0.001149945	0.0016811	0.001984543												
0	0.000367272	0.000998021	0.001475621	0.001591683												
0	0.000337282	0.000849378	0.001281653	0.001469894												
1	1	1	1	1												
0.988575699	0.991386564	0.990687556	0.992502826	0.992595861												
0.958575498	0.960658692	0.961980897	0.963124767	0.964350903												
0.895409174	0.901348899	0.906304779	0.909094865	0.910985563												
0.801035801	0.807222886	0.813940299	0.818893388	0.822531176												
0.676968147	0.68167998	0.690257549	0.69497707	0.697179219												
0.530931768	0.539739322	0.548170383	0.551308937	0.554506264												
0.386762782	0.399389157	0.408668381	0.411751988	0.412309674												
0.269522789	0.279249122	0.28893109	0.292872427	0.293692491												
0.175432758	0.189941555	0.202119154	0.207275184	0.210237277												
0.116230562	0.13264385	0.145988997	0.15342569	0.157100343												
0.078874775	0.096169122	0.10985368	0.117474671	0.121902781												
0.054286988	0.071971902	0.085985942	0.094015362	0.098341254												
0.038257268	0.055903023	0.069597975	0.077733814	0.082646168												
0.027435209	0.04477378	0.058428552	0.067008271	0.071271115												
0.021077489	0.037298548	0.050663528	0.059247436	0.064193242												
0.016689619	0.032271222	0.045242923	0.053995671	0.058532814												
0.013805987	0.028540938	0.04137253	0.049604593	0.054771891												
0.011740338	0.025752145	0.038476839	0.046646581	0.051351759												
0.010192253	0.023398444	0.035879399	0.044043893	0.049010229												
0.009122929	0.021373344	0.033988602	0.042050795	0.046507228												
0.008278075	0.019921177	0.032323238	0.039912883	0.044272541												
0.007508011	0.018606698	0.030596314	0.038323643	0.042870243												
0.007006017	0.017317579	0.029211517	0.036701992	0.041320609												
0.006617332	0.016323551	0.028137157	0.035378659	0.039849866												
0.006212029	0.015273217	0.026732909	0.034104932	0.03830228												
0.005872627	0.014491069	0.025527112	0.032892463	0.03703445												
0.005595708	0.013662489	0.024712706	0.031762395	0.035649237												
0.00498698	0.012983394	0.023507116	0.030485037	0.034280545												
0.004697106	0.012245562	0.022736559	0.029347598	0.033077118												
0.004407233	0.01162899	0.021629417	0.028579243	0.031798873												
0.004117359	0.011171113	0.020865503	0.027635404	0.031024086												
0.003827486	0.010471851	0.020063471	0.026689158	0.030158742												
0.003537612	0.010007051	0.019270419	0.025833888	0.02963457												
0.003247739	0.009538	0.018501733	0.025112833	0.029026907												
0.002957865	0.009201777	0.017832587	0.024297292	0.028503741												
0.002667992	0.008750101	0.017088862	0.023712138	0.028130934												
0.002378118	0.008426224	0.016661904	0.022821388	0.027305837												
0.002088245	0.008050402	0.016218162	0.022122645	0.026653356												
0.001798371	0.007665749	0.016138434	0.021625186	0.026195795												
0.001508498	0.00740852	0.015641289	0.021041795	0.025148471												
0.001218625	0.006057467	0.013681042	0.018175324	0.019645242												
0.000928751	0.00518317	0.011333829	0.015259241	0.017361104												
0.000638878	0.004347514	0.008976829	0.012589468	0.015236454												
0.000349004	0.003738193	0.007925751	0.010748849	0.013378731												
5.91E-05	0.003220043	0.006860715	0.009275424	0.012355591												
0	0.002805846	0.005967907	0.008181023	0.010953951												
0	0.002413659	0.00520731	0.006942835	0.009422157												
0	0.002189063	0.004738988	0.006253262	0.008023398												
0	0.001870565	0.004174922	0.00553826	0.007048413												
0	0.00164119	0.003680722	0.004797081	0.006251604												
1	1	1	1	1												
0.991711384	0.989210503	0.992116503	0.991752145	0.990107178												
0.962333996	0.960840151	0.964060719	0.964284729	0.965588787												
0.899027963	0.903093998	0.9075316	0.910161471	0.913246341												
0.800644895	0.808099441	0.817019219	0.821686662	0.823583306												
0.677208736	0.684662111	0.692276439	0.698873447	0.702838761												
0.532701922	0.541085121	0.552003443	0.555583931	0.557998854												
0.38904569	0.401089258	0.411510868	0.416536479	0.418164602												
0.268847178	0.282450699	0.293750645	0.298421333	0.301105644												
0.177222626	0.192564443	0.20683331	0.214837777	0.219119099												
0.11712818	0.135291508	0.150421159	0.158667321	0.165713414												
0.080422865	0.098760897	0.114989466	0.12420622	0.131175375												
0.056281159	0.074868749	0.091009764	0.101021836	0.107640002												
0.040932476	0.05867608	0.075119984	0.084669133	0.092029675												
0.030455781	0.047807502	0.063988227	0.07373895	0.080740122												
0.023738458	0.040142674	0.056198112	0.066140409	0.07324513												
0.019433462	0.035008047	0.050873408	0.060395707	0.067779749												
0.016464691	0.031250128	0.047014709	0.056577541	0.063662165												
0.014722699	0.028522579	0.043819655	0.053407328	0.060377284												
0.013235057	0.026077887	0.041343188	0.050782132	0.057574393												
0.012041771	0.024335477	0.03914972	0.048466041	0.055247677												
0.011041992	0.022747072	0.037454133	0.046435772	0.053253567												
0.010230422	0.021442632	0.035572055	0.044685792	0.05080543												
0.009603266	0.020176417	0.034148664	0.0430158	0.049092448												
0.009053142	0.019071277	0.03276351	0.041224146	0.047282538												
0.008454888	0.018178433	0.031338285	0.039849289	0.045662448												
0.007892842	0.017275123	0.03012549	0.038460814	0.044314655												
0.007381497	0.016527936	0.029260634	0.037396023	0.042599606												
0.006732926	0.01582956	0.027778102	0.035651928	0.041600153												
0.006175819	0.015094362	0.026887513	0.034749225	0.040191152												
0.005618713	0.014304827	0.025873469	0.033552237	0.039336975												
0.005061607	0.013687676	0.024997837	0.032617307	0.038375027												
0.0045045	0.013169581	0.024187926	0.03184328	0.037496393												
0.003947394	0.012630157	0.023321595	0.030981359	0.036581656												
0.003390287	0.012377224	0.022607708	0.030016228	0.036022912												
0.002833181	0.011803201	0.021875995	0.029250677	0.03527861												
0.002276075	0.011218235	0.021238009	0.028389113	0.034661758												
0.001718968	0.010891398	0.02052119	0.027522896	0.033909765												
0.001161862	0.010470122	0.019880629	0.026799782	0.033963254												
0.000604755	0.0101362	0.019427654	0.026053999	0.03431709												
4.76E-05	0.009793598	0.018697412	0.02523028	0.034878527												
0	0.008389015	0.016201817	0.022194148	0.032330989												
0	0.007259706	0.014106473	0.019583861	0.024161751												
0	0.006321901	0.012417143	0.017434835	0.021469606												
0	0.005648584	0.01091952	0.015607307	0.019358376												
0	0.004972219	0.009777596	0.014532531	0.017137544												
0	0.004382131	0.008693273	0.013879319	0.015350255												
0	0.003997723	0.007710833	0.013045152	0.01366393												
0	0.003611625	0.006942451	0.01253646	0.012688915												
0	0.003257438	0.006189803	0.010340728	0.011257357												
0	0.002948402	0.005778919	0.007800472	0.010183028												
