[TPRdata]																
52																
0																
0.1																
0.2																
0.3																
0.4																
0.5																
0.6																
0.7																
0.8																
0.9																
1																
1.1																
1.2																
1.3																
1.4																
1.5																
1.6																
1.7																
1.8																
1.9																
2																
3																
4																
5																
6																
7																
8																
9																
10																
11																
12																
13																
14																
15																
16																
17																
18																
19																
20																
21																
22																
23																
24																
25																
26																
27																
28																
29																
30																
35																
40																
45																
17																
0.769																
1																
1.11																
1.43																
1.67																
1.82																
1.95																
2.1																
2.5																
3.33																
4																
4.44																
4.71																
5																
6.67																
8																
8.89																
1.054336703	1.054336703	1.054336703	1.054336703	1.054336703	1.054336703	1.054336703	1.054336703	1.054336703	1.030635254	1.0190577	1.018890231	1.021950114	1.005566654	0.98580281	0.978164162	0.966446444
1.066511903	1.065668069	1.064990251	1.064515254	1.063581883	1.062786394	1.06241688	1.062086626	1.061207159	1.037538391	1.026583765	1.025759197	1.030494782	1.010440666	0.990864233	0.985670448	0.98738008
1.084808208	1.083100084	1.081728015	1.080766507	1.078877137	1.077266874	1.076518889	1.075850375	1.074070121	1.053577605	1.042023981	1.043069957	1.047837547	1.027640912	1.006690927	1.001886296	1.003855137
1.121770331	1.119133894	1.117016147	1.115532088	1.112615903	1.110130512	1.108976018	1.107944188	1.10519642	1.085544217	1.076827243	1.07909949	1.087350906	1.059446753	1.041879878	1.037769006	1.048278277
1.233913506	1.230065788	1.226975066	1.224809172	1.22055318	1.216925903	1.21524099	1.213735097	1.209724897	1.176748727	1.181714106	1.184359024	1.19660213	1.145469314	1.138797224	1.130863584	1.146135846
1.33893351	1.333739959	1.329568183	1.326644715	1.320900086	1.316004082	1.31372983	1.311697214	1.306284351	1.277661071	1.272351743	1.270180383	1.284144642	1.245088109	1.223819787	1.212709814	1.218997221
1.417388279	1.410822857	1.405549111	1.401853413	1.394591346	1.388402068	1.385527076	1.382957547	1.376114881	1.350180362	1.341167886	1.333665491	1.343825631	1.315939426	1.286606421	1.254461174	1.268932527
1.47674537	1.468803485	1.462424081	1.457953567	1.449168984	1.441682102	1.438204358	1.435096119	1.426818865	1.402231509	1.38888953	1.382490489	1.385041202	1.36552265	1.326820597	1.312728627	1.304424986
1.518638993	1.509349929	1.501888388	1.496659542	1.486384834	1.477627955	1.473560282	1.469924793	1.460243471	1.43862223	1.421755682	1.41572321	1.413114554	1.401202985	1.361860867	1.341451385	1.329430087
1.550412899	1.539795093	1.531266225	1.525289425	1.513544982	1.503535486	1.498885957	1.494730434	1.483664259	1.458786651	1.445387058	1.435701616	1.434074543	1.4283835	1.383361427	1.360718351	1.345929964
1.574385952	1.562463005	1.552885769	1.546174301	1.532986232	1.521746369	1.516525321	1.511859001	1.499432572	1.476386553	1.461234999	1.451433624	1.447100746	1.440262319	1.395979353	1.374050508	1.358166719
1.589972407	1.576790083	1.566201238	1.558780862	1.544199786	1.531772697	1.526000169	1.520840962	1.507101975	1.484660913	1.470627822	1.458939081	1.454874445	1.446288861	1.40094501	1.384253818	1.365457484
1.602140682	1.587718244	1.576133264	1.568014824	1.552062047	1.538465893	1.53215032	1.526505766	1.511474298	1.491561199	1.477386986	1.466482627	1.459783968	1.454702641	1.409552262	1.38640912	1.369902652
1.611281529	1.595641834	1.583079079	1.57427544	1.556976245	1.542232572	1.535383963	1.529263007	1.51296288	1.495631964	1.477825356	1.468603133	1.461335784	1.455576323	1.414626538	1.391329	1.371904436
1.619768556	1.602916193	1.58937935	1.579893096	1.56125256	1.545365695	1.53798606	1.531390499	1.513826495	1.49364289	1.479128231	1.468970648	1.462894496	1.464807681	1.415206592	1.390972556	1.370439721
1.625140292	1.607108549	1.592624357	1.582474227	1.562529169	1.545530493	1.537634409	1.53057727	1.511784084	1.494097195	1.477719262	1.465843208	1.459406029	1.460149491	1.414888176	1.389312051	1.370274814
1.615976657	1.598391289	1.584180492	1.574281548	1.554804842	1.538146451	1.530285002	1.52439431	1.508707374	1.490787362	1.475580359	1.46351533	1.456308423	1.453154984	1.413722771	1.388184197	1.368229801
1.606864692	1.589721312	1.575781395	1.566131285	1.547118701	1.530797687	1.522970723	1.5179607	1.50461899	1.484223761	1.472490196	1.461828834	1.454787219	1.453784694	1.410272357	1.386818269	1.365864204
1.597804107	1.581098363	1.567426829	1.558023216	1.539470555	1.523484033	1.515691404	1.510800424	1.497775724	1.478741204	1.469342327	1.457749885	1.450290579	1.451181463	1.405331023	1.383212691	1.36294756
1.588794612	1.572522187	1.559116557	1.549957123	1.531860218	1.516205322	1.508446878	1.503756579	1.491266296	1.474396907	1.463730954	1.452146894	1.445205989	1.44432975	1.398956891	1.379538089	1.359136809
1.579835918	1.563992529	1.550850346	1.54193279	1.524287503	1.508961386	1.501236979	1.496940158	1.485497711	1.469832762	1.457678274	1.447563916	1.439283661	1.442016954	1.397145227	1.375339559	1.354592528
1.492980841	1.481199646	1.470560739	1.463939204	1.450589067	1.438398506	1.431006421	1.428320864	1.421169215	1.407773466	1.400700454	1.392449773	1.385351549	1.383410807	1.353524451	1.333408544	1.314250237
1.410900819	1.40278956	1.394427834	1.389890666	1.380453909	1.371135326	1.364061376	1.361465033	1.354550963	1.349078579	1.342441114	1.334992168	1.328817298	1.326016022	1.304498354	1.287142649	1.271055086
1.333333333	1.328530259	1.322236431	1.319587629	1.313709747	1.307017544	1.300248139	1.297521323	1.290259803	1.285644059	1.281050562	1.276346634	1.272158658	1.265260015	1.253173555	1.239222973	1.224798549
1.260205696	1.256550362	1.251760503	1.249744657	1.245271351	1.240178313	1.235026522	1.232951305	1.227424993	1.225561214	1.221263724	1.217361484	1.214696823	1.199441076	1.200427715	1.188881663	1.177335103
1.18955072	1.186945987	1.183532809	1.182096349	1.178908741	1.175279522	1.171608437	1.170129669	1.166191707	1.165398352	1.163263389	1.160951379	1.158893108	1.129341604	1.146906401	1.140463171	1.131321163
1.1235558	1.121904842	1.119741469	1.118830998	1.116810598	1.114510292	1.11218345	1.111246163	1.108750166	1.107247735	1.10575628	1.104570803	1.104188735	1.087610479	1.097996322	1.091743795	1.083220677
1.060542889	1.059758538	1.058730744	1.05829819	1.057338321	1.056245472	1.055140016	1.054694722	1.053508902	1.053460888	1.05291253	1.052013969	1.052054013	1.047421392	1.046078669	1.045552225	1.042997099
1	1	1	1	1	1	1	1	1	1	1	1	1	1	1	1	1
0.936120268	0.937721092	0.93770382	0.938850958	0.938439579	0.939811633	0.939764859	0.940216933	0.941420807	0.951850728	0.952913134	0.951598279	0.952080328	0.954460049	0.952551206	0.953337507	0.953174292
0.894151873	0.897227399	0.897194216	0.899398113	0.898607765	0.901243776	0.901153913	0.902022443	0.904335343	0.90477241	0.905762211	0.906243882	0.906341459	0.907487451	0.906651248	0.908175872	0.910282772
0.845595828	0.849983583	0.849936242	0.853080472	0.851952907	0.855713619	0.855585415	0.856824519	0.86012426	0.859608701	0.85958202	0.85996274	0.859852406	0.860200053	0.861839981	0.866237499	0.868580464
0.798931795	0.804491123	0.804431141	0.808414912	0.806986277	0.811751136	0.811588699	0.813158658	0.817339462	0.816875158	0.817870415	0.818024175	0.818110156	0.819071717	0.819976937	0.824634617	0.827809053
0.754208754	0.760806916	0.760735727	0.765463918	0.763768323	0.769423559	0.769230769	0.771094095	0.776056138	0.776007051	0.77712457	0.778164944	0.778833806	0.779631447	0.782100047	0.786632905	0.786213556
0.715541767	0.721299592	0.721960966	0.726814833	0.725664877	0.730445911	0.730982442	0.73307851	0.738660345	0.73826055	0.739577491	0.741298928	0.74239348	0.742932583	0.742356672	0.747967429	0.749091453
0.679321028	0.684307639	0.685632061	0.690591952	0.689938533	0.693919245	0.695116086	0.697419736	0.703554364	0.701714758	0.702001623	0.704009051	0.705274675	0.706299068	0.708703853	0.713641025	0.714157379
0.643728009	0.647995758	0.649915135	0.65495063	0.654749523	0.657989152	0.659778993	0.662261137	0.668871094	0.667951799	0.669097714	0.669455047	0.669690401	0.671336885	0.673029566	0.678968432	0.681067016
0.610929715	0.614542897	0.616999116	0.622098522	0.622307039	0.624872911	0.627197942	0.62983943	0.636873724	0.63488264	0.63645037	0.6372618	0.637759189	0.639186506	0.641298362	0.647218141	0.649178521
0.579124579	0.582132565	0.585066467	0.590206186	0.590784924	0.59273183	0.595533499	0.598310186	0.605704515	0.603650104	0.607812745	0.6080617	0.607714405	0.608319739	0.608904322	0.614529293	0.617803175
0.550209744	0.553067545	0.555854961	0.560738062	0.561287905	0.563137604	0.56579939	0.568437442	0.575462583	0.573553623	0.576095198	0.576362908	0.576088011	0.576685738	0.581956196	0.586203278	0.587112987
0.522738583	0.525453699	0.528101944	0.532741238	0.533263628	0.535020975	0.537549862	0.540056199	0.546730585	0.544957677	0.54603277	0.546316601	0.546107504	0.546696777	0.556200707	0.559182918	0.557947374
0.496639017	0.499218571	0.501734593	0.506142254	0.506638563	0.508308167	0.51071079	0.51309199	0.519433134	0.517787453	0.517539093	0.517836635	0.517687229	0.518267309	0.531585073	0.53340803	0.530230601
0.471842564	0.474293325	0.476683725	0.480871319	0.481342847	0.482929091	0.485211754	0.487474064	0.493498604	0.491971869	0.490532303	0.490841355	0.490745988	0.491316238	0.508058846	0.508821206	0.503890696
0.448284161	0.450612559	0.45288361	0.456862123	0.457310109	0.458817154	0.460985848	0.463135204	0.468858947	0.467443385	0.464934812	0.465253363	0.465206811	0.465766684	0.485573813	0.485367683	0.47885926
0.425901995	0.428114139	0.4302718	0.434051672	0.43447729	0.435909091	0.437969505	0.440011547	0.445449512	0.444137829	0.440673077	0.440999295	0.440996732	0.441545764	0.464083895	0.462995222	0.455071294
0.404637337	0.406739032	0.408788964	0.412380112	0.41278448	0.414144793	0.416102334	0.41804242	0.423208875	0.42199423	0.417677394	0.418009613	0.418046583	0.418584387	0.443545051	0.441653995	0.432465026
0.384434392	0.386431152	0.388378735	0.391790582	0.39217476	0.393467155	0.395326958	0.397170179	0.402078681	0.400954656	0.395881696	0.396218403	0.396290795	0.396817053	0.42391519	0.421296466	0.410981755
0.36524015	0.367137215	0.368987558	0.372229057	0.372594053	0.37382192	0.375588867	0.377340058	0.382003486	0.380964062	0.375223366	0.375563189	0.375667212	0.37618167	0.405154082	0.401877294	0.390565693
0.347004248	0.348806596	0.350564553	0.353644209	0.353990982	0.355157544	0.356836269	0.358500026	0.362930616	0.361970149	0.355643051	0.355984749	0.356116912	0.356619373	0.387223279	0.383353226	0.371163827
0.268606297	0.270001444	0.271362229	0.273746105	0.274014532	0.274917535	0.276216989	0.277504857	0.280934453	0.280295738	0.272042395	0.272378776	0.272608337	0.273049537	0.308793151	0.302780143	0.287689093
0.207920632	0.209000576	0.210053922	0.211899214	0.212106996	0.212805985	0.213811856	0.214808759	0.217463513	0.217050221	0.208093662	0.20840836	0.208682325	0.209063374	0.246248652	0.239141889	0.222987825
0.160945554	0.161781508	0.162596874	0.164025263	0.164186101	0.164727169	0.165505786	0.16627746	0.168332432	0.168075329	0.159177293	0.159461927	0.159746812	0.160071667	0.196372226	0.188879108	0.17283787
[SPdata]																	
11																	
0.6	1.25	2.5	5	7.5	10	15	20	25	30	40							
0.634	0.82	0.891	0.941	0.965	0.977	0.99	0.995	0.998	0.999	1
[OARXOPENdata]										
4										
1.5	5	10	20							
51										
1	1	1	1							
1	0.999	1	0.999							
0.996	0.999	0.996	0.996							
0.992	0.994	0.99	0.991							
0.984	0.985	0.984	0.985							
0.976	0.976	0.976	0.976							
0.966	0.968	0.966	0.967							
0.955	0.957	0.953	0.957							
0.942	0.945	0.943	0.944							
0.93	0.931	0.928	0.932							
0.916	0.917	0.917	0.917							
0.903	0.904	0.904	0.905
0.889	0.89	0.888	0.891
0.875	0.875	0.874	0.876
0.86	0.86	0.858	0.862
0.845	0.844	0.846	0.846
0.83	0.833	0.83	0.832
0.817	0.818	0.817	0.818
0.804	0.804	0.802	0.802
0.789	0.791	0.788	0.788
0.775	0.776	0.775	0.773
0.761	0.763	0.758	0.76
0.75	0.749	0.748	0.745
0.736	0.736	0.733	0.733
0.724	0.724	0.72	0.718
0.71	0.71	0.707	0.703
0.698	0.697	0.695	0.691
0.686	0.685	0.683	0.678
0.674	0.674	0.67	0.666
0.663	0.662	0.658	0.653
0.651	0.65	0.646	0.639
0.641	0.639	0.635	0.628
0.63	0.627	0.623	0.614
0.619	0.617	0.612	0.603
0.608	0.606	0.6	0.591
0.599	0.595	0.59	0.578
0.587	0.584	0.578	0.567
0.577	0.574	0.566	0.554
0.567	0.563	0.555	0.542
0.556	0.551	0.544	0.529
0.545	0.541	0.531	0.517
0.535	0.53	0.519	0.502
0.524	0.516	0.506	0.488
0.512	0.504	0.491	0.472
0.498	0.488	0.474	0.454
0.483	0.469	0.454	0.434
0.419	0.409	0.396	0.383
0.123	0.131	0.145	0.158
0.03	0.043	0.056	0.073
0.021	0.031	0.043	0.001
0.017	0.025	0.035	0.001
[OARXLEAVESdata]			
3			
1			
2			
4			
4			
1.5			
5			
10
20
43
0
1
2
3
4
5
6
7
8
9
10
11
12
13
14
15
16
17
18
19
20
21
22
23
24
25
26
27
28
29			
30			
35			
40			
45			
50			
55			
60			
65			
70			
75			
80			
85			
90			
1	1	1	1
0.956877667	0.958225773	0.961213028	0.968778024
0.837417825	0.84550508	0.852476422	0.853667536
0.671402166	0.681423964	0.68411484	0.683666073
0.494034255	0.496801713	0.499626477	0.494946277
0.323928068	0.330979051	0.333759445	0.323090685
0.190174964	0.198987599	0.203916503	0.198832175
0.107581303	0.119485599	0.126949702	0.12722494
0.064543445	0.077646261	0.084881592	0.089093256
0.041191495	0.054478048	0.062138932	0.067113082
0.028657166	0.04155242	0.048710849	0.054460359
0.021263031	0.03314476	0.040653086	0.046078049
0.016259987	0.0274414	0.034969862	0.04099124
0.013021738	0.023322587	0.030862913	0.037051979
0.010669818	0.02031475	0.027630659	0.033940518
0.009103101	0.018327862	0.025538536	0.031951967
0.008438568	0.016823947	0.024125016	0.030075317
0.007846953	0.015829621	0.022926518	0.029539984
0.007507078	0.014863976	0.021980934	0.028742662
0.00695448	0.01418352	0.020884391	0.027312287
0.006407693	0.012999694	0.019491763	0.025762636
0.005766818	0.011922849	0.018192654	0.024298836
0.005510799	0.011285302	0.017263751	0.023166317
0.005430785	0.010904686	0.016858911	0.022570956
0.005562507	0.010687363	0.016498317	0.022591945
0.005491651	0.010494148	0.016176136	0.022033482
0.005315899	0.010004336	0.01546741	0.021197556
0.004919385	0.009202544	0.014490652	0.020135823
0.004511498	0.008592083	0.013645594	0.018986908
0.004202959	0.00803511	0.012937621	0.017841795
0.00428442	0.007762075	0.012621215	0.018055591
0.003786354	0.006583691	0.010640038	0.015290776
0.004005673	0.006203424	0.009825038	0.014618307
0.003406276	0.005104684	0.008083966	0.012345212
0.00304293	0.004587334	0.007069453	0.010668659
0.003525722	0.004759608	0.007060877	0.01081508
0.002968987	0.004123789	0.006123515	0.009439387
0.002622573	0.003532305	0.00532999	0.008181139
0.002974847	0.003819893	0.005632759	0.008326456
0.00287108	0.003703165	0.00531563	0.008002747
0.002410275	0.003117479	0.00460761	0.007018993
0.002842339	0.003669657	0.00527908	0.006035238
0.00226752	0.003137512	0.00595055	0.005051483
1	1	1	1
0.993272192	0.992797388	0.999369553	0.997032795
0.978002048	0.97948878	0.982330911	0.981762424
0.94696475	0.950475253	0.954221625	0.952592524
0.890402263	0.898291472	0.89878714	0.902788567
0.795413696	0.802794329	0.807973845	0.817443249
0.663468134	0.675347508	0.681583222	0.688971493
0.507858839	0.521799025	0.529543546	0.534759932
0.358298537	0.374286535	0.377678333	0.379748198
0.230532161	0.245379325	0.250597495	0.253304186
0.134138273	0.153111926	0.160258845	0.166746055
0.080013408	0.098844424	0.109673699	0.117923201
0.052112781	0.070315699	0.08211667	0.091478881
0.036199519	0.054070589	0.065914015	0.076051466
0.027456966	0.043781177	0.05618135	0.066170344
0.022108546	0.037497621	0.048976161	0.059597766
0.018316044	0.032767298	0.044265174	0.055001938
0.015442691	0.029174236	0.040415152	0.051019625
0.013465226	0.026273159	0.037309856	0.047888136
0.012218093	0.024275799	0.034813452	0.045331403
0.011207809	0.022494679	0.033172996	0.043803559
0.010432735	0.021123922	0.03153332	0.041995211
0.009785327	0.019807552	0.029952421	0.040179431
0.008960972	0.018431258	0.028440173	0.038717596
0.008368829	0.017212896	0.026739144	0.03698832
0.007846478	0.016111899	0.025411219	0.034786944
0.007359884	0.015206028	0.024243295	0.033842908
0.007213539	0.014581484	0.023300077	0.032963552
0.006993853	0.014060151	0.022571635	0.032164983
0.006836217	0.013569786	0.021745021	0.031092636
0.006495537	0.012733905	0.020666733	0.029977871
0.005423586	0.010215607	0.017040442	0.025652158
0.004379625	0.008091436	0.013940645	0.021534712
0.004368057	0.007447169	0.012454434	0.019595753
0.00393714	0.006390207	0.010844237	0.017545017
0.003480682	0.005482606	0.009232246	0.015367078
0.003554666	0.005374435	0.008752085	0.014631695
0.003399009	0.004921958	0.008048766	0.013639252
0.003113608	0.004467182	0.007381981	0.012412462
0.003148713	0.004466575	0.007225132	0.01221638
0.003120882	0.004448521	0.007036316	0.012048362
0.002755293	0.004000721	0.006464861	0.011584895
0.002571434	0.003873295	0.005893407	0.011121428
1	1	1	1
1.001291748	1.004000418	1.003376522	1.000480658
1.00137297	1.001697714	1.000145653	0.995247184
0.99981718	0.997038686	1.000947601	0.996507041
0.998423056	0.998957138	0.999259363	0.996108924
0.99482864	0.990501046	0.997798268	0.994769887
0.995048139	0.99065048	0.991929389	0.989185433
0.986561641	0.984835062	0.981562964	0.979799594
0.977779996	0.971505396	0.973942058	0.968801304
0.963245618	0.952142837	0.956749948	0.955842109
0.936903799	0.930506756	0.93102055	0.92871547
0.890161295	0.88917862	0.890546239	0.892535478
0.807079964	0.811562922	0.817533757	0.827092968
0.689575627	0.697383716	0.708961786	0.720428634
0.547736376	0.562635771	0.57102549	0.580010394
0.399549548	0.413509521	0.427791868	0.431909879
0.266393538	0.284259375	0.295621186	0.302634289
0.162223383	0.1837032	0.197690461	0.21000466
0.098425006	0.121690035	0.13832909	0.154922039
0.064765583	0.088088468	0.106840577	0.123070037
0.046151156	0.069182753	0.087948478	0.104759476
0.035672162	0.057519778	0.076084177	0.093675557
0.029218298	0.049881975	0.067868589	0.08631484
0.024756023	0.044505859	0.062549587	0.080435948
0.021651226	0.040108429	0.057894596	0.075224852
0.019452502	0.036764765	0.053969051	0.071039038
0.017840235	0.034081846	0.050999921	0.068826717
0.016659033	0.031931538	0.048613973	0.066157923
0.015739653	0.030520048	0.046408604	0.063889792
0.014920434	0.028921808	0.044262851	0.061687976
0.014161416	0.027097563	0.042478958	0.059597041
0.011053787	0.020774375	0.034054036	0.049953285
0.008729082	0.016298647	0.027499672	0.042233039
0.007716196	0.013786765	0.023724042	0.037076223
0.006696459	0.011685459	0.020262432	0.033236467
0.005817294	0.009992647	0.017476794	0.029360036
0.005654932	0.009196893	0.015950732	0.027470259
0.005280179	0.008328238	0.014715916	0.025193485
0.004870597	0.007773603	0.013541503	0.023859567
0.00484209	0.007596168	0.013086154	0.022981357
0.004801034	0.007504383	0.012907522	0.022550391
0.004441907	0.007143423	0.01221978	0.021985378
0.004258587	0.007098397	0.011532039	0.021420365
[OARYdata]			
3
2.5
10
40
5
1.5
5
10
15
20
51
0
1
2
3
4
5
6
7
8
9
10
11
12
13
14
15
16
17
18
19
20
21
22
23
24
25
26
27
28
29
30
31
32
33
34
35
36
37				
38				
39				
40				
45				
50				
55				
60				
65				
70				
75				
80				
85				
90				
1	1	1	1	1
0.999200233	0.999445897	1.000521919	0.999715365	1.000153224
0.998262531	1.000006176	0.99958482	0.998389729	0.999843373
0.996378193	0.999439251	0.99986458	0.998422626	0.999774268
0.995715094	0.998974372	0.99828798	0.997744637	0.999076267
0.995836367	0.998689233	0.9976104	0.997123271	0.997269604
0.994395774	0.997558486	0.99678318	0.995836177	0.997599854
0.991765279	0.996509193	0.994953441	0.995780863	0.99480251
0.990576802	0.994964989	0.993289211	0.991710998	0.993034445
0.989924854	0.994023353	0.99345699	0.991942273	0.991617073
0.989848121	0.992701419	0.990503452	0.98889509	0.989832598
0.987825524	0.990249206	0.98884871	0.987197743	0.987381788
0.986574239	0.988519155	0.986601117	0.986040102	0.985243711
0.986384124	0.98729846	0.983507932	0.982112815	0.982376313
0.985493003	0.984546814	0.981320519	0.980002697	0.980343365
0.983678194	0.981312199	0.978556508	0.976527651	0.977079274
0.981881224	0.978113172	0.975321198	0.972604363	0.974016212
0.976575193	0.97517631	0.971525751	0.970223969	0.970145007
0.970699175	0.971014151	0.967924748	0.966055276	0.96708879
0.966152442	0.966683901	0.96297901	0.961206908	0.961375718
0.961218899	0.961477251	0.957264623	0.956013178	0.954699009
0.954921614	0.95445738	0.950122807	0.947503034	0.947886266
0.944456642	0.944154308	0.939993343	0.939350073	0.938328324
0.933795533	0.930717398	0.926823877	0.925770808	0.925711388
0.910244601	0.911527456	0.907730855	0.906166903	0.905684821
0.884354747	0.882979996	0.879590925	0.878354574	0.878777641
0.829892323	0.838926893	0.836122465	0.836125802	0.838836221
0.754135416	0.767882048	0.768578019	0.771544363	0.77523935
0.665123762	0.670581658	0.674232445	0.677072318	0.681420568
0.541610478	0.55166968	0.557125742	0.561947913	0.565215278
0.419117471	0.427782654	0.433407301	0.439037932	0.440289329
0.314383007	0.311796282	0.319416345	0.323298066	0.32669054
0.211669512	0.217508594	0.227322892	0.232575212	0.235526099
0.145625907	0.151405642	0.162441108	0.169586536	0.174565712
0.100463153	0.108603324	0.121793592	0.128977218	0.134164143
0.065438143	0.081206579	0.094025637	0.101977917	0.106390062
0.049818933	0.062694899	0.075586545	0.083782946	0.088529577
0.035047867	0.049971625	0.062866509	0.070621365	0.075644031
0.028336662	0.041433318	0.05384283	0.061665486	0.066878562
0.022178423	0.035377573	0.047823452	0.055330804	0.060674205
0.018604719	0.031017948	0.043185744	0.050954098	0.055919747
0.009932298	0.019317022	0.029748796	0.037013852	0.04199275
0.006275511	0.013221517	0.022146042	0.028514146	0.032997997
0.00450305	0.009729744	0.017247795	0.02289363	0.026977114
0.003550038	0.007672443	0.01394256	0.019031368	0.022528268
0.00289564	0.006217918	0.011302921	0.015710833	0.019090042
0.002513873	0.005027175	0.009429382	0.013544577	0.016520084
0.002144312	0.004289514	0.008051536	0.011341313	0.014279075
0.001829409	0.003705383	0.006811856	0.009799186	0.01212182
0.00166222	0.003165686	0.005902103	0.008471424	0.010610145
0.001495031	0.00271711	0.005151311	0.007471815	0.009397963
1	1	1	1	1
0.996916037	1.000007816	0.999899214	0.998210121	1.00147546
0.993001758	0.999679486	0.998262637	0.99806009	1.001272822
0.994368911	0.99930584	0.997985234	0.997465579	0.999743396
0.996221332	0.998458245	0.99656325	0.996815589	0.998152262
0.995883696	0.997447988	0.996307825	0.995828321	0.997559146
0.994187499	0.996348872	0.994704085	0.994469164	0.996998768
0.992599884	0.995823951	0.994549022	0.993949943	0.995281347
0.991310641	0.993627364	0.99252286	0.990472885	0.994456057
0.990023685	0.991600961	0.990351984	0.98963555	0.993210211
0.98969639	0.990171039	0.988484215	0.987551841	0.990598911
0.989533243	0.987450729	0.986869785	0.984551087	0.988816985
0.988162898	0.985444058	0.983427213	0.982555444	0.985791624
0.985899862	0.983046329	0.980353835	0.979848878	0.983787537
0.98331868	0.980243261	0.977653078	0.976189356	0.980183145
0.980012989	0.977416593	0.974160094	0.973093858	0.975189581
0.976763628	0.974156674	0.97082124	0.968926901	0.971304685
0.974695604	0.970829185	0.967073572	0.964682319	0.967288906
0.971922514	0.966422073	0.963077003	0.959050537	0.962976441
0.968106999	0.961413894	0.957183546	0.954156863	0.957389867
0.963830572	0.955223924	0.950644795	0.948266401	0.950273706
0.957471604	0.947255137	0.943615216	0.939227885	0.942965752
0.944337919	0.937538004	0.932931689	0.929505677	0.933534553
0.930713279	0.924698121	0.919885178	0.915305448	0.919905111
0.90831913	0.90500408	0.901608852	0.898434191	0.901144314
0.88359393	0.877096506	0.87444913	0.872272905	0.875402969
0.83218172	0.834220878	0.832836332	0.832385181	0.837608033
0.759037808	0.766916545	0.769581869	0.773252466	0.780011955
0.671922745	0.674733529	0.683035395	0.686690569	0.697846056
0.550311323	0.562171738	0.575689883	0.582597271	0.592958041
0.430046281	0.445095992	0.462297525	0.471121744	0.479461051
0.32679677	0.334163837	0.35665745	0.368092316	0.374700647
0.227095847	0.244782627	0.270675333	0.285341967	0.297227601
0.163331235	0.181188809	0.210454738	0.227148167	0.240099856
0.119399408	0.139848829	0.170109052	0.189162947	0.202531023
0.085086155	0.113218463	0.144076455	0.163597914	0.176928856
0.068870533	0.094543388	0.125853534	0.145549818	0.158706784
0.053897702	0.081711502	0.112545468	0.132482	0.146132001
0.046475355	0.072263446	0.10285498	0.122919435	0.136489783
0.03986685	0.06571573	0.095576379	0.115540284	0.128148233
0.035804031	0.060434096	0.090283086	0.109704223	0.122212233
0.023964235	0.043826859	0.070682953	0.090136422	0.100997893
0.017607163	0.033335735	0.056942339	0.074631602	0.083523772
0.013827645	0.026863283	0.046476435	0.061895822	0.070797585
0.011453606	0.022122547	0.038791923	0.052738371	0.061242788
0.009865131	0.018803235	0.033425402	0.045685532	0.053614064
0.008571222	0.016309133	0.028915358	0.039657847	0.04701771
0.007415244	0.014294329	0.025306388	0.034405694	0.041388114
0.006544222	0.012598279	0.02206653	0.030291712	0.036792672
0.005731467	0.011182735	0.019325129	0.025898278	0.032657025
0.004918713	0.009916052	0.016893742	0.022977586	0.028898989
1	1	1	1	1
1.000199724	1.000739601	1.000755047	1.001433707	1.000210593
1.000466283	1.000448889	1.000427222	1.000813208	0.999951269
0.999561092	0.999942373	0.999801331	1.000631388	0.998955335
0.998025568	0.999399875	0.999353216	0.999870705	0.997809238
0.996975665	0.998440562	0.997461072	0.997859784	0.997172164
0.99633016	0.997486906	0.997486238	0.996909218	0.994798454
0.99543291	0.996243053	0.995569853	0.994494026	0.992620721
0.99427314	0.993905937	0.994197451	0.993424224	0.98026851
0.993194317	0.993013764	0.991372872	0.991657121	0.990253422
0.992047039	0.991074567	0.990201955	0.989868429	0.985260453
0.990200062	0.988420512	0.98726862	0.987198173	0.985315534
0.988306907	0.985648556	0.98529081	0.983922093	0.982412139
0.986462118	0.983635138	0.981853532	0.980853047	0.979891562
0.984067323	0.98044138	0.978038903	0.977619922	0.976116903
0.981544587	0.977463948	0.974414645	0.972924538	0.972738481
0.979306659	0.974067454	0.971680852	0.970919007	0.968999998
0.977150712	0.97066377	0.966684865	0.966514427	0.964349789
0.974273799	0.966389917	0.961754256	0.960998811	0.959543723
0.970528644	0.961264602	0.956541828	0.954945145	0.954808142
0.966174901	0.955338094	0.950207306	0.948352885	0.948337798
0.960523883	0.947080946	0.941877269	0.940920304	0.941778063
0.951781348	0.93718082	0.931460099	0.931196415	0.931331278
0.940938649	0.92448064	0.918842607	0.917461801	0.918160835
0.919211074	0.905005236	0.900203409	0.899843746	0.902048079
0.892154992	0.877837027	0.873432316	0.874012462	0.876516109
0.840841493	0.835679231	0.832717886	0.83656413	0.840090117
0.767780114	0.769863882	0.770091897	0.778333806	0.784734472
0.677389723	0.677556697	0.686598	0.6950591	0.704688669
0.559587882	0.566978062	0.581070214	0.59399289	0.603946664
0.441310661	0.448826662	0.468201268	0.48396678	0.495346442
0.334818072	0.340094001	0.365005777	0.380019705	0.395636307
0.234488169	0.251447615	0.281542334	0.299649598	0.317643058
0.170200655	0.188633964	0.220712966	0.243356167	0.262674877
0.125841123	0.148519227	0.1832924	0.206535031	0.226223207
0.09270825	0.121423957	0.157240139	0.181377338	0.201618167
0.075878158	0.103411442	0.139197884	0.16395956	0.184094349
0.061611521	0.090062354	0.126228627	0.151132724	0.171596826
0.053433095	0.081369872	0.116633125	0.141226722	0.162043856
0.046758561	0.074264743	0.108981456	0.134165046	0.154387456
0.042563196	0.069024486	0.103681927	0.12795704	0.148408472
0.03042767	0.052259529	0.08339641	0.107292228	0.126629866
0.023011602	0.041217337	0.069189162	0.092686204	0.110857762
0.019028913	0.034070164	0.058710787	0.081971644	0.097726599
0.016689042	0.028904281	0.050841269	0.072590135	0.087174416
0.015569141	0.025150393	0.044452609	0.064550504	0.073628575
0.014057373	0.022078907	0.039344696	0.057781317	0.066224588
0.012629927	0.019559902	0.035322671	0.052128049	0.059646556
0.011554439	0.017588542	0.031908811	0.046916144	0.053707941
0.008075245	0.015911702	0.02937937	0.042139134	0.048537034
0.004596051	0.014488607	0.027352291	0.037823379	0.043776826
